-0.0105391  0.00182886  0.000435588  -0.0300351  -0.49823  -0.528079  
-0.010883  0.00182886  0.000435588  -0.0369418  -0.458193  -0.50459  
-0.0101554  0.00182886  0.000638006  -0.0256172  -0.471279  -0.488382  
-0.0106076  0.00144808  0.000613434  -0.01654  -0.437262  -0.451438  
-0.0103267  0.00126175  0.000664724  -0.0135985  -0.431333  -0.411098  
-0.0100525  0.00140904  0.000896825  -0.0329175  -0.454714  -0.413886  
-0.00937406  0.00152796  0.000896825  -0.0328597  -0.437862  -0.386943  
-0.00892559  0.000980215  0.000896825  -0.0220709  -0.451316  -0.38873  
-0.00915446  0.0014321  0.000896825  -0.0329155  -0.459798  -0.399368  
-0.00905854  0.00146056  0.000794496  -0.000298618  -0.438016  -0.386815  
-0.00915446  0.000980215  0.000896825  0.000899903  -0.437971  -0.386875  
-0.00920246  0.000835758  0.001183  0.00219248  -0.444739  -0.374323  
-0.00908583  0.000854058  0.00112472  0.00250276  -0.420832  -0.370287  
-0.00856001  0.00104836  0.00102567  -0.00235881  -0.402335  -0.346917  
-0.0088755  0.000992121  0.00108778  0.00229391  -0.418867  -0.30781  
-0.00871559  0.00090236  0.000896824  0.00283669  -0.420926  -0.306585  
-0.00885632  0.0008345  0.00114843  0.00757491  -0.383844  -0.311708  
-0.00882235  0.00101845  0.00147218  0.00997087  -0.419572  -0.330895  
-0.0092993  0.0005553  0.0013288  0.0224132  -0.425709  -0.347427  
-0.00940017  0.0005553  0.00142152  0.0326368  -0.388983  -0.315612  
-0.00877154  0.0005553  0.00149775  0.026948  -0.377592  -0.31453  
-0.0097883  0.000878354  0.00139879  0.024786  -0.393641  -0.329934  
-0.00950828  0.000477284  0.00140795  0.0265932  -0.401927  -0.328072  
-0.00861531  0.000616874  0.00135692  0.0232649  -0.416012  -0.351306  
-0.00861531  0.00044546  0.00145741  0.0239911  -0.402287  -0.334396  
-0.00869303  0.000974768  0.00145972  0.0348784  -0.402267  -0.302866  
-0.00870231  0.000848832  0.00139007  0.0390927  -0.363489  -0.280902  
-0.00888201  0.000741231  0.00133506  0.0325249  -0.372831  -0.2879  
-0.00888201  0.000962389  0.00140584  0.0386328  -0.380702  -0.291858  
-0.00880523  0.00115106  0.00136027  0.0307374  -0.355136  -0.275457  
-0.00893925  0.000936722  0.00121027  0.0133997  -0.355052  -0.284437  
-0.00893642  0.000859293  0.00109605  0.0130963  -0.32565  -0.256879  
-0.00869413  0.000757139  0.000973961  0.0107222  -0.33162  -0.242428  
-0.00852205  0.000797502  0.00112548  0.0174318  -0.325858  -0.213856  
-0.00902714  0.000557746  0.00122951  0.0191363  -0.318012  -0.220637  
-0.00885425  0.00026884  0.00130521  0.00920982  -0.323887  -0.191337  
-0.00850072  0.000741083  0.00126065  0.00991733  -0.319576  -0.208545  
-0.00826781  0.000660544  0.00112262  0.0131236  -0.339572  -0.234502  
-0.0088489  0.000897963  0.0012084  0.0227175  -0.304262  -0.215159  
-0.0088489  0.000818937  0.00110692  0.0251628  -0.2971  -0.194461  
-0.00830518  0.000801402  0.00109075  0.0126403  -0.3044  -0.198919  
-0.00839706  0.000816194  0.00111453  0.0225631  -0.304373  -0.205487  
-0.00908891  0.000926122  0.00127417  0.0343978  -0.264305  -0.191072  
-0.00842067  0.000632774  0.00116711  0.0267788  -0.26469  -0.179422  
-0.00797231  0.000459055  0.00105063  0.0371893  -0.244664  -0.13822  
-0.00854935  0.000726176  0.00128297  0.0518305  -0.229488  -0.115843  
-0.00820929  0.0010301  0.0012784  0.0494911  -0.248461  -0.115704  
-0.00799955  0.000507887  0.0013277  0.0477742  -0.239212  -0.123487  
-0.00803752  0.000659035  0.0013235  0.0527908  -0.227631  -0.114653  
-0.00785674  0.000808171  0.00118382  0.0643231  -0.222985  -0.107891  
-0.0083182  0.000398547  0.00128292  0.0738394  -0.190329  -0.0732904  
-0.0079337  0.00050383  0.00127794  0.0724269  -0.209844  -0.106444  
-0.00805623  0.000719859  0.00115296  0.0644067  -0.195892  -0.0752011  
-0.0078819  0.000900118  0.0010878  0.0718427  -0.174693  -0.0217523  
-0.00821279  0.00104035  0.0010919  0.084195  -0.148311  -0.0143756  
-0.00781826  0.000874883  0.00113584  0.0846691  -0.145353  0.0101322  
-0.0078344  0.000945813  0.00104369  0.0873815  -0.148327  -0.0318747  
-0.00747533  0.0007018  0.00107696  0.0859848  -0.148323  -0.0148658  
-0.00776539  0.000987098  0.00108212  0.0851072  -0.180791  -0.0801553  
-0.00734468  0.000656237  0.000947358  0.0749193  -0.190535  -0.109833  
-0.00714776  0.00116633  0.000799131  0.066262  -0.141378  -0.0555259  
-0.00776539  0.00115756  0.000819979  0.0641253  -0.146688  -0.0652767  
-0.00729202  0.00111745  0.000827276  0.0704315  -0.139152  -0.033792  
-0.00675464  0.00106651  0.000930709  0.0841053  -0.146738  -0.032292  
-0.00668879  0.000916766  0.000866766  0.0812616  -0.177344  -0.058903  
-0.00696918  0.00104192  0.000677823  0.0722334  -0.154413  -0.0668591  
-0.00720617  0.00097445  0.000792384  0.0713347  -0.152075  -0.0726951  
-0.00685259  0.000894466  0.000780888  0.0889152  -0.154395  -0.0589483  
-0.00702659  0.0012182  0.000889343  0.111674  -0.14899  -0.0250668  
-0.00707573  0.000850373  0.00080629  0.0733954  -0.14783  -0.0560127  
-0.00664038  0.000857983  0.000772204  0.0781891  -0.140634  -0.0554648  
-0.00651731  0.000799837  0.000829658  0.0769403  -0.148952  -0.0472419  
-0.00703634  0.000986564  0.0010786  0.0927236  -0.141734  -0.0467986  
-0.00658119  0.00112419  0.00079254  0.0755836  -0.137703  -0.048783  
-0.00689295  0.00122923  0.00104313  0.0902968  -0.11531  -0.0462162  
-0.00742185  0.00145785  0.000906745  0.0915758  -0.112128  -0.0522663  
-0.00631665  0.000981667  0.000949323  0.0875217  -0.137734  -0.0551371  
-0.00714539  0.00109643  0.000884058  0.0855528  -0.103615  -0.0320595  
-0.00637777  0.00166157  0.000707782  0.0768243  -0.132447  -0.0293179  
-0.00623757  0.00159051  0.000774795  0.0691852  -0.148959  -0.0422  
-0.00640921  0.00126885  0.000685489  0.0614302  -0.104085  -0.0331673  
-0.00635354  0.00096479  0.00051757  0.0290916  -0.11161  -0.0582339  
-0.00621747  0.00118372  0.000485414  0.0371334  -0.0888576  -0.0233688  
-0.00630718  0.001318  0.000331398  0.0338417  -0.0930235  0.018355  
-0.00609852  0.00121952  0.000361819  0.0376849  -0.103963  0.0286241  
-0.00635838  0.000923003  0.000675862  0.0579528  -0.0651987  0.0412616  
-0.00591246  0.000826061  0.000568635  0.0477002  -0.0832788  0.0274437  
-0.00655698  0.00111203  0.000731054  0.0406071  -0.0539283  0.0491136  
-0.00601355  0.00062934  0.000805921  0.0538794  -0.0579969  0.0598212  
-0.00622839  0.000804206  0.000711732  0.0500583  -0.091651  0.0441595  
-0.00631096  0.0012197  0.000468017  0.0450706  -0.0390296  0.0725482  
-0.00614832  0.00120254  0.000411278  0.0421598  -0.0519725  0.0465911  
-0.00631059  0.000929327  0.000439555  0.0396349  -0.0331922  0.0511377  
-0.00609355  0.00113228  0.000136251  0.0335515  -0.0331274  0.0669226  
-0.00566657  0.000888033  0.000279228  0.0513572  -0.0701482  0.062019  
-0.0060326  0.00126994  7.95033e-05  0.0191223  -0.0355706  0.036817  
-0.00615914  0.00115414  0.000133699  0.027572  -0.0219823  0.0424551  
-0.00569203  0.000549458  0.00083843  0.0363841  -0.0525195  0.0176981  
-0.00610241  0.0012193  0.000587502  0.0383405  -0.0535082  -0.00316751  
-0.00544955  0.00106961  0.000707777  0.065839  -0.0611061  0.0213751  
-0.00529054  0.000922745  0.000729503  0.0745465  -0.0610828  0.0101764  
-0.00531114  0.00125552  0.00057586  0.0630522  -0.065132  0.0396511  
-0.00582345  0.00082939  0.000798715  0.0632447  -0.0244766  0.0231452  
-0.00563118  0.00070843  0.000685766  0.0608386  -0.0405388  0.025935  
-0.00548738  0.00096593  0.000476642  0.0555251  -0.0204476  0.0316241  
-0.0016123  0.001627  -0.000517768  -0.019594  -0.164547  -0.186565  
-0.00155935  0.00148504  -0.000405481  -0.0162983  -0.140111  -0.170015  
-0.00118743  0.00148504  -0.000405481  -0.00557179  -0.13816  -0.169955  
-0.00118743  0.00148504  -0.000405481  -0.00498647  -0.115869  -0.15023  
-0.00174912  0.00148504  -0.000405481  -0.00572571  -0.115765  -0.137571  
-0.00151279  0.00148504  0  0.00842942  -0.115785  -0.12244  
-0.00182684  0.00138364  0  0.0141686  -0.103718  -0.111556  
-0.00152835  0.000642523  0.000215073  0.0254505  -0.101591  -0.0798729  
-0.00191724  0.000642523  0.000351365  0.0295824  -0.115707  -0.085014  
-0.00146255  0.000472234  0.000324524  0.0210627  -0.120442  -0.0925515  
-0.000968369  0.000862226  0.000403878  0.0187582  -0.115813  -0.0803015  
-0.00123026  0.00126648  0.00028648  0.00692823  -0.107488  -0.0704177  
-0.00112995  0.000729071  0.000328099  0.0218966  -0.100525  -0.0762256  
-0.00123026  0.000739687  0.000323914  0.0236865  -0.115781  -0.101263  
-0.000943499  0.000751834  0.000329967  0.0171758  -0.115813  -0.101234  
-0.000891668  0.000540619  0.000333281  0.0284523  -0.115848  -0.131393  
-0.00123026  0.000632285  0.000149154  0.00533043  -0.132126  -0.147781  
-0.00111495  0.000911998  0.000320955  0.0210634  -0.10512  -0.141744  
-0.00102126  0.000826165  0.000201639  0.0211224  -0.099234  -0.102783  
-0.00132669  0.000181489  0.000526873  0.043833  -0.0884036  -0.0715861  
-0.000813811  0.000740073  0.000330392  0.0275187  -0.0992416  -0.0746168  
-0.000593793  0.000478681  0.000234736  0.0186246  -0.108981  -0.0942927  
-0.000866422  0.000534229  0  0.0235715  -0.0992559  -0.0974261  
-0.000913637  0.000528998  0.000233731  0.0265266  -0.0827527  -0.103985  
-0.0009643  0.000519617  7.78534e-05  0.00527463  -0.0662581  -0.0655474  
-0.000989318  0.000550337  0  0.00525787  -0.0567965  -0.0253885  
-0.00051897  0.000417486  0.000327692  0.0173835  -0.0703581  -0.0456382  
-0.000787361  0.000651254  0.000245741  0.0161189  -0.0599158  -0.0296633  
-0.000873979  0.00034119  0.00036754  0.00524297  -0.0614446  -0.0426208  
-0.000852939  7.75487e-05  0.000378487  -0.00449647  -0.0450284  -0.0350361  
-0.000572945  0.000318401  0.000230952  0.00526266  -0.0565141  -0.0337678  
-0.00100037  5.43439e-05  0  0.00524392  -0.0449963  -0.0189872  
-0.000331346  0.000227  0  -0.00611842  -0.0449852  -0.0386854  
-0.000916175  0.000150148  0  -0.000570886  -0.0235209  -0.0234533  
-0.000715566  0.000225939  0.000171831  0.00523874  -0.0374197  -0.0112563  
-0.000313138  -5.84242e-06  9.61729e-05  -0.012671  -0.0537954  -0.0297566  
-0.000656203  -0.000190947  0.00035279  -0.00410275  -0.0369983  -0.0227945  
2.69769e-05  -0.000139221  0.000250203  0.016371  -0.0600231  -0.0225816  
0.000215436  -0.000182581  0.000397789  0.010995  -0.0301328  -0.0243995  
-0.00024221  -2.49874e-05  0.000398287  0.0052605  -0.0133444  -0.0297081  
-0.000544187  4.0084e-05  0.000457604  0.0131566  -0.0251302  -0.015878  
-0.00024221  -0.000202775  0.000303322  0.0201072  -0.0421494  -0.00584255  
-0.00024221  -0.000282075  0.000403027  0.00524636  -0.033432  -0.0156465  
-0.000547546  -0.000224338  0.000312077  0.00526435  -0.0197044  -0.0297028  
0.000213315  1.90796e-05  0.000229171  0.0269853  -0.0515391  -0.042179  
4.04071e-05  0.00038223  0.000222111  0.0221486  -0.0334241  -0.0324838  
-0.00038888  0.000338035  0.000198104  0.00527864  -0.0235798  -0.0296824  
-4.76424e-05  7.6155e-05  0  0.00525502  -0.0235822  -0.0429626  
0.000558898  8.75698e-05  0.000124686  0.00820674  -0.0235864  -0.0297674  
-0.000373057  -0  0  0.0144763  0.0063042  0.00861514  
-0.000124912  -0  0  0.0369971  0.00416764  0.0273646  
-7.98704e-05  0.000420182  0  0.012054  -3.84014e-06  1.4593e-05  
0  -0  0  0  0  0  
-0.00015725  -0  0  0.0142511  0.0145338  5.18578e-06  
0.000169368  -0  0.000108073  0.00628976  0.00530637  -1.11547e-05  
-8.6357e-05  0.00011513  0  0.0156353  0.0192055  0.0166187  
0.000446717  4.06212e-24  7.49329e-05  0.0156812  7.71857e-06  -1.96469e-05  
0.000476355  0.000409314  0  -1.50561e-05  0.00987074  0.0240003  
0.000552754  -0.000214184  0.000438463  0.00845891  0.0320997  0.0437995  
-0.00060164  -0.000412906  0.00039599  4.59677e-05  0.0849072  0.0796752  
0.000182363  0.000375989  0  -0.00986984  0.0651826  0.0873752  
0.000333089  0.000291938  -0.00028909  -0.0295885  0.0628572  0.105301  
0.000229498  0.000409835  -0.000688937  -0.0654369  0.0651798  0.121683  
0.000381377  0.000481065  -0.000854871  -0.0634678  0.069598  0.105563  
0.000152112  0.000569771  -0.00105886  -0.0655587  0.0772724  0.0895599  
0.000667962  0.000300409  -0.00105886  -0.0843329  0.035323  0.041682  
0.000532049  0.000448718  -0.00112764  -0.0789693  0.0746726  0.0613261  
0.000426246  0.000384971  -0.00133179  -0.0953158  0.0856629  0.0679884  
0.000575062  0.000353536  -0.00129287  -0.0913864  0.0572191  0.0485114  
0.000693729  0.000330502  -0.00115905  -0.0846794  0.0683995  0.0579538  
0.000863258  0.000181853  -0.00105886  -0.079834  0.0842308  0.0545735  
0.000583326  0.000236218  -0.00105886  -0.0738392  0.0934512  0.086066  
-4.75127e-05  0.000237203  -0.00150345  -0.0953133  0.129043  0.103415  
0.000451923  0.000163398  -0.00152673  -0.085867  0.103792  0.0674884  
0.000451923  0.00052095  -0.00152673  -0.0813217  0.122529  0.0897411  
0.000451923  0.000339008  -0.00107391  -0.0587754  0.110757  0.0986808  
0.000532775  7.091e-05  -0.000700615  -0.044469  0.0943989  0.0787855  
0.000451923  -3.42141e-05  -0.000578233  -0.0417156  0.0919057  0.060437  
0.000874389  0.000339008  -0.000610549  -0.031792  0.0871326  0.0719356  
0.000606327  -1.5221e-05  -0.000700616  -0.0278997  0.0959922  0.102854  
0.000384561  -5.05965e-05  -0.000471352  -0.0292263  0.0956838  0.092878  
0.000451923  -0.000221485  -0.000700616  -0.0480145  0.113807  0.0928735  
0.000451923  -0.00029045  -0.000502133  -0.0404417  0.117902  0.118611  
0.000263555  8.49206e-06  -0.000426818  -0.0365592  0.11702  0.105887  
0.000451923  0.000308482  -0.000368234  -0.0295441  0.13341  0.13224  
0.000296529  5.15405e-05  -0.000412557  -0.0216963  0.112675  0.126211  
0.000451923  -8.12853e-05  -0.000563622  -0.00991486  0.113943  0.115425  
0.000534605  -9.14701e-05  -0.000372644  -0.0215221  0.102612  0.1114  
0.000719333  0.000170736  -0.000700615  -0.023549  0.110198  0.126133  
0.000451923  0.000357442  -0.000554996  -0.0056022  0.125763  0.142388  
0.000629127  0.000545248  -0.000700615  -0.0114368  0.110938  0.10852  
0.000292166  0.000611654  -0.000610339  -0.0056911  0.135323  0.14292  
0.000348941  0.000947799  -0.000589795  -0.0335656  0.142561  0.140155  
0.000624587  0.000618442  -0.000649822  -0.0401585  0.153972  0.142358  
0.000559409  0.00097267  -0.0006134  -0.0311964  0.168712  0.171837  
0.000789081  0.000829831  -0.000700616  -0.0366557  0.154457  0.172791  
0.000626152  0.000969138  -0.000576127  -0.0311969  0.182338  0.198926  
0.00030405  0.000972233  -0.00062667  -0.0247982  0.179652  0.188088  
0.000451923  0.00123382  -0.000674465  -0.0312899  0.179692  0.183407  
0.000451923  0.00070321  -0.000625746  -0.0391552  0.187744  0.183423  
0.000243082  0.0010656  -0.000597134  -0.0258669  0.195981  0.183473  
0.000449777  0.00070321  -0.000575283  -0.0189827  0.175592  0.183441  
0.00014441  0.000776245  -0.000633567  -0.0221386  0.191114  0.183503  
0.000391909  0.00070321  -0.00070214  -0.0368966  0.183426  0.151679  
0.000970079  0.00070321  -0.000879772  -0.0498545  0.185332  0.145988  
-0.0149981  0.00511053  0.00109132  -0.000836984  -0.756504  -0.604598  
-0.0150308  0.00492167  0.00127448  -0.0105614  -0.739269  -0.595818  
-0.0148607  0.00489543  0.00112824  0.00117854  -0.710992  -0.586472  
-0.0149235  0.00519811  0.00091967  -0.0116858  -0.732239  -0.598368  
-0.0150959  0.00521455  0.000937034  -0.0150207  -0.72901  -0.621746  
-0.0150896  0.00509964  0.000912544  -0.0246804  -0.73341  -0.611969  
-0.0155755  0.00528577  0.0013246  -0.0102081  -0.732192  -0.577719  
-0.0157909  0.00471025  0.00140636  0.0042432  -0.727006  -0.569326  
-0.0155887  0.00523753  0.00122182  -0.00218574  -0.729846  -0.568662  
-0.0155887  0.00503719  0.00112816  -0.0247959  -0.705184  -0.547152  
-0.015784  0.00494405  0.00117254  -0.0150945  -0.67868  -0.553161  
-0.0161213  0.00496778  0.00127889  -0.0106303  -0.658878  -0.512519  
-0.0160529  0.00477395  0.00107552  -0.0164971  -0.665341  -0.522234  
-0.0154582  0.00484259  0.000977607  -0.00633114  -0.652077  -0.476562  
-0.0152  0.00500034  0.000873711  -0.00463238  -0.670447  -0.471923  
-0.0154741  0.00477898  0.00100788  -0.00122734  -0.675142  -0.477128  
-0.0157274  0.00476825  0.000873711  -0.000549274  -0.661511  -0.482237  
-0.0160529  0.00538929  0.000676735  0.00528689  -0.662911  -0.504686  
-0.0159955  0.00539977  0.000873711  0.000543218  -0.685079  -0.544026  
-0.0161846  0.00551578  0.000873711  0.0057323  -0.71638  -0.580146  
-0.0160529  0.00532067  0.000578345  -0.0130321  -0.683159  -0.572784  
-0.0163077  0.0048206  0.000532688  -0.0113095  -0.691002  -0.5881  
-0.0163218  0.00518592  0.000763736  -0.00675179  -0.70165  -0.596465  
-0.0162047  0.00515547  0.00087371  -0.0127601  -0.69416  -0.588578  
-0.0155053  0.00499897  0.000463764  -0.016087  -0.706975  -0.589922  
-0.0153833  0.00505298  0.000324245  -0.00885054  -0.706131  -0.575176  
-0.0153196  0.00474497  0.000627829  0.0124863  -0.687933  -0.532735  
-0.0152682  0.00500856  0.000741764  0.00979546  -0.668651  -0.522505  
-0.0154811  0.00485298  0.000627829  0.00876878  -0.689672  -0.525849  
-0.0156109  0.00515609  0.000814528  0.0102834  -0.67875  -0.521396  
-0.0154936  0.00460759  0.000893517  0.0237713  -0.6839  -0.557125  
-0.0158989  0.0048888  0.000873395  0.0277865  -0.674118  -0.547627  
-0.0156557  0.00464023  0.00094129  0.0267115  -0.674652  -0.517631  
-0.0157006  0.00454965  0.000869514  0.0182007  -0.684002  -0.503914  
-0.0151049  0.00438801  0.00104907  0.0177184  -0.686458  -0.494567  
-0.0155901  0.00424872  0.000912892  0.0149423  -0.673601  -0.544706  
-0.0151049  0.00454095  0.000734952  0.00772134  -0.662501  -0.523968  
-0.0151049  0.00427495  0.000627828  -0.00642674  -0.671872  -0.506138  
-0.0151049  0.00425482  0.00122121  -0.010292  -0.672711  -0.532565  
-0.0155985  0.00376311  0.00107874  0.00255323  -0.645746  -0.535735  
-0.0151049  0.00397338  0.00131699  0.00572277  -0.659508  -0.562506  
-0.0156826  0.00378696  0.00101962  -0.00440829  -0.672354  -0.532992  
-0.0157236  0.00444991  0.00105669  -0.00323308  -0.672341  -0.549542  
-0.0156173  0.00424155  0.00124138  -0.00275875  -0.670854  -0.562848  
-0.0154411  0.00439215  0.00107847  0.00438227  -0.688954  -0.554863  
-0.0155837  0.0043054  0.00115036  -0.00083447  -0.688633  -0.562837  
-0.0154518  0.00385911  0.00123445  0.00109788  -0.680586  -0.554065  
-0.0151983  0.00420481  0.00105787  -0.0056119  -0.685651  -0.574062  
-0.0151049  0.00428164  0.00114575  0.000474876  -0.673205  -0.529819  
-0.0149541  0.00425127  0.00125337  0.0100542  -0.681917  -0.516005  
-0.0153404  0.0040651  0.00119102  -0.00261834  -0.658223  -0.533896  
-0.0153581  0.00394922  0.00119102  0.022169  -0.663279  -0.51897  
-0.015685  0.00451276  0.00135398  0.0183765  -0.672994  -0.53094  
-0.0159816  0.00390225  0.00156417  0.0309574  -0.653874  -0.534344  
-0.0158756  0.00389735  0.00164243  0.0258707  -0.664519  -0.531912  
-0.0162991  0.00414577  0.00177686  0.0232086  -0.641241  -0.552663  
-0.0161052  0.00402861  0.00175086  0.0362236  -0.624582  -0.520551  
-0.0156141  0.00403552  0.00180453  0.023314  -0.625871  -0.51077  
-0.0161052  0.00381017  0.00177376  0.022595  -0.628831  -0.504836  
-0.0152711  0.00397844  0.00162476  0.0117395  -0.637772  -0.493759  
-0.0156395  0.0037492  0.00173274  0.0148088  -0.649152  -0.493989  
-0.0152554  0.00389044  0.00135763  0.00704142  -0.663265  -0.493732  
-0.0153881  0.00408752  0.00163816  0.0234558  -0.653268  -0.512726  
-0.0155872  0.00391534  0.00180205  0.0205806  -0.617691  -0.493055  
-0.0154079  0.00411736  0.00169547  0.022638  -0.644447  -0.514362  
-0.0155765  0.00367514  0.00166153  0.0324002  -0.634655  -0.518269  
-0.0158461  0.00396797  0.0014962  0.0233009  -0.628274  -0.515781  
-0.0158461  0.00397417  0.00138359  0.0222987  -0.629162  -0.515463  
-0.0155047  0.00395746  0.00156901  0.0166473  -0.624627  -0.498021  
-0.0153813  0.0038751  0.00167018  0.0231943  -0.617852  -0.508498  
-0.0150487  0.00375854  0.00166486  0.0181688  -0.636577  -0.501159  
-0.0154173  0.00380261  0.00147567  0.00438487  -0.602741  -0.478228  
-0.0150152  0.00360705  0.00119102  -0.00571093  -0.607811  -0.470885  
-0.015253  0.00357695  0.00141488  -0.000204483  -0.59607  -0.450216  
-0.0147201  0.00330544  0.00143141  0.000325505  -0.571223  -0.43267  
-0.0147384  0.00311636  0.00140848  0.00194867  -0.571226  -0.444722  
-0.0148875  0.00318757  0.00133568  0.000289136  -0.568864  -0.457628  
-0.014208  0.00306851  0.00146852  -0.00430869  -0.566187  -0.430783  
-0.0140786  0.0026831  0.00139343  -0.00622316  -0.560994  -0.416349  
-0.013631  0.00296359  0.00160312  0.00354884  -0.571716  -0.407519  
-0.0144568  0.00285039  0.00184362  0.000319546  -0.547083  -0.413577  
-0.0140577  0.00266007  0.00163969  0.000347564  -0.554529  -0.41018  
-0.0131783  0.00264573  0.00157048  0.000395786  -0.547767  -0.395057  
-0.0135619  0.00278314  0.00163969  -0.00582904  -0.56245  -0.401528  
-0.0132609  0.00274883  0.00163969  0.000390691  -0.549886  -0.387618  
-0.0133727  0.00254994  0.00163969  0.000256616  -0.540242  -0.417148  
-0.0138903  0.00264421  0.00163969  0.000302922  -0.557915  -0.438725  
-0.013675  0.00269666  0.00163969  0.000329785  -0.55935  -0.433041  
-0.0139146  0.00279038  0.00163969  0.00042415  -0.544503  -0.415998  
-0.0139372  0.00259306  0.00163969  0.000357283  -0.539387  -0.398047  
-0.0133894  0.0028135  0.00163969  0.000449767  -0.530891  -0.391052  
-0.0138716  0.00286586  0.00163969  0.00045678  -0.533999  -0.409797  
-0.0141004  0.00253213  0.00184499  -0.00475218  -0.547654  -0.422601  
-0.0132393  0.00272331  0.00181691  -0.0129542  -0.556942  -0.415207  
-0.0135757  0.00251936  0.00199228  -0.00102718  -0.534828  -0.410968  
-0.0141004  0.00259528  0.00205763  0.00897446  -0.540656  -0.408878  
-0.0134021  0.00295976  0.00197805  0.0145181  -0.539091  -0.367196  
-0.0133162  0.0027009  0.00206567  -0.000922735  -0.536808  -0.364905  
-0.0130236  0.00269939  0.00163969  0.00407996  -0.518007  -0.36799  
-0.0125321  0.00278493  0.00163969  0.0122267  -0.489027  -0.335342  
-0.0131288  0.00284912  0.00163969  0.00694756  -0.517693  -0.336145  
-0.0131244  0.00327993  0.00163969  -0.000433979  -0.483094  -0.306906  
-0.0128887  0.00261412  0.00163969  -0.0045331  -0.502536  -0.320632  
-0.0132185  0.00263491  0.00175783  -0.0017275  -0.501192  -0.340448  
-0.0135263  0.00261062  0.0015883  -0.0162478  -0.503057  -0.393348  
